0.0000,0.0000,0.0000,0.0000,0.0000,0.0000,0.0000,0.0000,0.0000,0.0000,0.0000,0.0000,0.0000,0.0000,0.0000,0.0000,0.0000,0.0000,0.0000,0.0000,0.0000,0.0000,0.0000,0.0000,0.0000,0.0000,0.0000,0.0000,0.0000,0.0000,0.0000,0.0000,0.0000,0.0000,0.0000,0.0000,0.0000,0.0000,0.0000,0.0000,0.0000,0.0000,0.0000,0.0000,0.0000,0.0000,0.0000,0.0000,0.0000,0.0000,0.0000
1.0000,1.1216,1.0879,0.9967,0.9298,0.8908,0.8666,0.8491,0.8356,0.8248,0.8164,0.8101,0.8055,0.8024,0.8001,0.7978,0.7942,0.7881,0.7783,0.7641,0.7453,0.7225,0.6966,0.6690,0.6407,0.6126,0.5854,0.5593,0.5343,0.5105,0.4877,0.4657,0.4445,0.4237,0.4033,0.3832,0.3634,0.3437,0.3240,0.3045,0.2850,0.2656,0.2464,0.2272,0.2084,0.1899,0.1723,0.1561,0.1427,0.1335,0.1195
1.0000,1.0494,1.1008,1.1080,1.0830,1.0518,1.0258,1.0056,0.9896,0.9769,0.9669,0.9594,0.9543,0.9513,0.9500,0.9495,0.9487,0.9457,0.9389,0.9269,0.9091,0.8856,0.8578,0.8271,0.7951,0.7630,0.7317,0.7017,0.6732,0.6460,0.6201,0.5951,0.5711,0.5476,0.5246,0.5019,0.4793,0.4569,0.4345,0.4120,0.3896,0.3670,0.3444,0.3217,0.2991,0.2765,0.2541,0.2320,0.2097,0.1850,0.1580
1.0000,1.0210,1.0418,1.0542,1.0510,1.0371,1.0199,1.0035,0.9891,0.9770,0.9673,0.9601,0.9554,0.9535,0.9540,0.9562,0.9586,0.9590,0.9548,0.9438,0.9252,0.8996,0.8689,0.8354,0.8011,0.7674,0.7352,0.7048,0.6761,0.6491,0.6233,0.5987,0.5748,0.5515,0.5286,0.5060,0.4836,0.4612,0.4387,0.4162,0.3937,0.3710,0.3482,0.3252,0.3022,0.2790,0.2557,0.2320,0.2074,0.1812,0.1559
1.0000,1.0133,1.0199,1.0253,1.0249,1.0176,1.0059,0.9929,0.9803,0.9690,0.9596,0.9526,0.9486,0.9480,0.9511,0.9574,0.9653,0.9715,0.9718,0.9623,0.9418,0.9118,0.8756,0.8370,0.7990,0.7630,0.7298,0.6992,0.6709,0.6444,0.6194,0.5953,0.5720,0.5492,0.5268,0.5045,0.4823,0.4600,0.4377,0.4153,0.3928,0.3701,0.3472,0.3241,0.3008,0.2773,0.2534,0.2289,0.2037,0.1776,0.1533
1.0000,1.0104,1.0106,1.0106,1.0086,1.0025,0.9929,0.9816,0.9700,0.9589,0.9493,0.9421,0.9381,0.9385,0.9446,0.9566,0.9732,0.9898,0.9985,0.9920,0.9679,0.9297,0.8841,0.8376,0.7943,0.7555,0.7214,0.6910,0.6635,0.6380,0.6140,0.5909,0.5684,0.5463,0.5244,0.5025,0.4806,0.4587,0.4365,0.4143,0.3918,0.3691,0.3461,0.3230,0.2995,0.2757,0.2514,0.2266,0.2012,0.1754,0.1516
1.0000,1.0091,1.0059,1.0023,0.9978,0.9910,0.9816,0.9706,0.9589,0.9473,0.9367,0.9281,0.9230,0.9233,0.9317,0.9506,0.9805,1.0157,1.0409,1.0398,1.0080,0.9544,0.8928,0.8344,0.7843,0.7430,0.7088,0.6796,0.6537,0.6299,0.6074,0.5856,0.5642,0.5429,0.5216,0.5003,0.4788,0.4571,0.4352,0.4131,0.3907,0.3680,0.3451,0.3218,0.2982,0.2742,0.2498,0.2249,0.1995,0.1740,0.1505
1.0000,1.0084,1.0033,0.9970,0.9903,0.9821,0.9719,0.9602,0.9476,0.9345,0.9218,0.9106,0.9024,0.9000,0.9078,0.9324,0.9810,1.0511,1.1113,1.1190,1.0693,0.9854,0.8965,0.8215,0.7650,0.7231,0.6910,0.6647,0.6417,0.6203,0.5998,0.5796,0.5595,0.5392,0.5187,0.4979,0.4769,0.4556,0.4339,0.4119,0.3896,0.3670,0.3441,0.3208,0.2971,0.2730,0.2485,0.2236,0.1983,0.1730,0.1497
1.0000,1.0080,1.0015,0.9935,0.9849,0.9750,0.9637,0.9508,0.9365,0.9213,0.9056,0.8900,0.8761,0.8665,0.8670,0.8890,0.9554,1.0934,1.2361,1.2489,1.1542,1.0122,0.8807,0.7880,0.7301,0.6933,0.6673,0.6464,0.6277,0.6096,0.5916,0.5733,0.5546,0.5354,0.5157,0.4956,0.4750,0.4540,0.4326,0.4108,0.3886,0.3661,0.3432,0.3198,0.2961,0.2720,0.2475,0.2226,0.1974,0.1723,0.1492
1.0000,1.0077,1.0004,0.9910,0.9808,0.9696,0.9568,0.9425,0.9264,0.9086,0.8890,0.8678,0.8454,0.8234,0.8055,0.8022,0.8483,1.0720,1.3031,1.1934,1.0936,0.9385,0.7966,0.7136,0.6737,0.6529,0.6386,0.6259,0.6128,0.5987,0.5835,0.5672,0.5500,0.5318,0.5130,0.4934,0.4733,0.4526,0.4314,0.4098,0.3877,0.3653,0.3424,0.3191,0.2954,0.2713,0.2467,0.2219,0.1967,0.1718,0.1489
1.0000,1.0075,0.9996,0.9892,0.9779,0.9655,0.9516,0.9358,0.9179,0.8975,0.8739,0.8466,0.8145,0.7764,0.7308,0.6747,0.5939,0.3311,0.0000,0.0998,0.4399,0.5458,0.5694,0.5851,0.5985,0.6064,0.6084,0.6055,0.5987,0.5886,0.5762,0.5618,0.5459,0.5287,0.5106,0.4915,0.4718,0.4514,0.4304,0.4089,0.3870,0.3646,0.3417,0.3185,0.2948,0.2707,0.2462,0.2213,0.1963,0.1714,0.1486
1.0000,1.0074,0.9992,0.9881,0.9761,0.9628,0.9480,0.9312,0.9118,0.8893,0.8624,0.8298,0.7891,0.7364,0.6651,0.5626,0.4024,0.1321,0.0000,-0.0252,-0.0493,0.1329,0.3296,0.4584,0.5289,0.5655,0.5830,0.5889,0.5873,0.5807,0.5705,0.5576,0.5428,0.5264,0.5087,0.4901,0.4706,0.4504,0.4296,0.4083,0.3864,0.3641,0.3413,0.3180,0.2943,0.2703,0.2458,0.2210,0.1960,0.1712,0.1484
1.0000,1.0074,0.9989,0.9876,0.9752,0.9615,0.9462,0.9289,0.9088,0.8851,0.8565,0.8209,0.7751,0.7138,0.6280,0.5030,0.3176,0.0730,0.0000,-0.0213,-0.0953,0.0435,0.2478,0.4007,0.4922,0.5426,0.5683,0.5792,0.5807,0.5761,0.5671,0.5551,0.5409,0.5249,0.5076,0.4892,0.4699,0.4499,0.4292,0.4079,0.3860,0.3637,0.3410,0.3177,0.2941,0.2700,0.2456,0.2208,0.1959,0.1711,0.1483
1.0000,1.0074,0.9990,0.9877,0.9753,0.9617,0.9465,0.9292,0.9092,0.8856,0.8571,0.8216,0.7759,0.7146,0.6285,0.5025,0.3148,0.0701,0.0000,-0.0227,-0.0988,0.0506,0.2626,0.4106,0.4960,0.5432,0.5678,0.5784,0.5799,0.5753,0.5665,0.5546,0.5404,0.5245,0.5072,0.4889,0.4697,0.4496,0.4290,0.4077,0.3859,0.3636,0.3409,0.3177,0.2940,0.2700,0.2455,0.2208,0.1958,0.1711,0.1483
1.0000,1.0074,0.9992,0.9883,0.9764,0.9633,0.9487,0.9321,0.9130,0.8908,0.8643,0.8321,0.7917,0.7392,0.6675,0.5629,0.3955,0.1145,0.0000,-0.0274,-0.0292,0.1992,0.3909,0.4855,0.5361,0.5653,0.5806,0.5861,0.5847,0.5784,0.5685,0.5560,0.5414,0.5252,0.5077,0.4892,0.4699,0.4498,0.4291,0.4078,0.3860,0.3637,0.3410,0.3178,0.2941,0.2701,0.2457,0.2209,0.1959,0.1712,0.1484
1.0000,1.0075,0.9997,0.9895,0.9784,0.9663,0.9527,0.9373,0.9199,0.8999,0.8770,0.8503,0.8190,0.7817,0.7369,0.6810,0.6006,0.3827,0.0000,0.1282,0.5399,0.5923,0.5868,0.5900,0.5954,0.6008,0.6027,0.6003,0.5942,0.5848,0.5730,0.5591,0.5436,0.5268,0.5089,0.4901,0.4705,0.4503,0.4295,0.4082,0.3863,0.3640,0.3412,0.3181,0.2944,0.2704,0.2460,0.2212,0.1962,0.1713,0.1485
1.0000,1.0077,1.0005,0.9913,0.9815,0.9706,0.9583,0.9445,0.9291,0.9119,0.8932,0.8730,0.8519,0.8315,0.8159,0.8161,0.8661,1.0727,1.2610,1.1900,1.0628,0.8648,0.7371,0.6795,0.6544,0.6400,0.6289,0.6181,0.6065,0.5935,0.5791,0.5635,0.5468,0.5292,0.5107,0.4915,0.4716,0.4511,0.4302,0.4087,0.3868,0.3645,0.3417,0.3185,0.2949,0.2709,0.2464,0.2216,0.1966,0.1716,0.1488
1.0000,1.0080,1.0016,0.9938,0.9856,0.9763,0.9655,0.9532,0.9398,0.9255,0.9107,0.8965,0.8842,0.8769,0.8808,0.9086,0.9857,1.1433,1.2949,1.2683,1.1155,0.9475,0.8244,0.7495,0.7051,0.6762,0.6548,0.6367,0.6198,0.6032,0.5862,0.5688,0.5508,0.5321,0.5129,0.4932,0.4729,0.4522,0.4311,0.4095,0.3875,0.3651,0.3423,0.3192,0.2956,0.2716,0.2471,0.2223,0.1972,0.1721,0.1491
1.0000,1.0084,1.0033,0.9973,0.9910,0.9834,0.9740,0.9631,0.9513,0.9393,0.9278,0.9180,0.9116,0.9116,0.9230,0.9530,1.0098,1.0901,1.1514,1.1368,1.0544,0.9506,0.8591,0.7904,0.7413,0.7053,0.6773,0.6538,0.6328,0.6130,0.5936,0.5744,0.5550,0.5353,0.5154,0.4951,0.4745,0.4534,0.4321,0.4104,0.3883,0.3659,0.3431,0.3200,0.2964,0.2725,0.2481,0.2232,0.1980,0.1728,0.1496
1.0000,1.0090,1.0058,1.0023,0.9984,0.9923,0.9838,0.9738,0.9630,0.9525,0.9431,0.9360,0.9327,0.9352,0.9465,0.9691,1.0033,1.0414,1.0635,1.0499,1.0014,0.9352,0.8687,0.8111,0.7643,0.7265,0.6952,0.6684,0.6443,0.6220,0.6006,0.5798,0.5592,0.5386,0.5179,0.4971,0.4761,0.4548,0.4332,0.4113,0.3892,0.3667,0.3440,0.3209,0.2974,0.2736,0.2493,0.2245,0.1992,0.1738,0.1504
1.0000,1.0102,1.0100,1.0101,1.0087,1.0036,0.9952,0.9850,0.9744,0.9645,0.9561,0.9502,0.9478,0.9500,0.9581,0.9722,0.9905,1.0071,1.0123,0.9981,0.9645,0.9182,0.8681,0.8204,0.7778,0.7408,0.7085,0.6799,0.6539,0.6298,0.6069,0.5847,0.5631,0.5417,0.5204,0.4990,0.4776,0.4560,0.4343,0.4123,0.3901,0.3676,0.3449,0.3219,0.2986,0.2750,0.2509,0.2262,0.2009,0.1752,0.1515
1.0000,1.0127,1.0182,1.0235,1.0242,1.0185,1.0083,0.9966,0.9851,0.9749,0.9666,0.9608,0.9580,0.9588,0.9632,0.9705,0.9787,0.9839,0.9810,0.9664,0.9397,0.9042,0.8642,0.8238,0.7855,0.7501,0.7180,0.6886,0.6615,0.6361,0.6121,0.5889,0.5665,0.5444,0.5225,0.5008,0.4791,0.4573,0.4353,0.4133,0.3910,0.3686,0.3459,0.3230,0.2999,0.2766,0.2528,0.2286,0.2035,0.1775,0.1532
1.0000,1.0190,1.0366,1.0491,1.0489,1.0379,1.0227,1.0076,0.9942,0.9831,0.9744,0.9682,0.9646,0.9636,0.9649,0.9675,0.9696,0.9686,0.9616,0.9468,0.9238,0.8941,0.8602,0.8247,0.7896,0.7559,0.7242,0.6946,0.6669,0.6408,0.6160,0.5922,0.5691,0.5465,0.5242,0.5022,0.4802,0.4582,0.4362,0.4140,0.3918,0.3694,0.3468,0.3241,0.3012,0.2783,0.2551,0.2316,0.2072,0.1812,0.1559
1.0000,1.0410,1.0862,1.0996,1.0822,1.0546,1.0298,1.0103,0.9949,0.9829,0.9737,0.9670,0.9626,0.9603,0.9594,0.9590,0.9575,0.9532,0.9441,0.9291,0.9079,0.8813,0.8508,0.8183,0.7852,0.7528,0.7217,0.6922,0.6644,0.6380,0.6128,0.5886,0.5653,0.5424,0.5200,0.4978,0.4758,0.4537,0.4317,0.4096,0.3874,0.3651,0.3427,0.3203,0.2978,0.2754,0.2532,0.2312,0.2091,0.1847,0.1578
1.0000,1.1093,1.1021,1.0158,0.9420,0.8979,0.8714,0.8532,0.8395,0.8288,0.8207,0.8147,0.8104,0.8075,0.8052,0.8026,0.7984,0.7912,0.7800,0.7639,0.7431,0.7183,0.6908,0.6620,0.6330,0.6046,0.5773,0.5514,0.5268,0.5034,0.4811,0.4596,0.4387,0.4184,0.3984,0.3787,0.3592,0.3398,0.3204,0.3011,0.2819,0.2627,0.2436,0.2246,0.2059,0.1875,0.1700,0.1538,0.1404,0.1310,0.1176
0.0000,0.0000,0.0000,0.0000,0.0000,0.0000,0.0000,0.0000,0.0000,0.0000,0.0000,0.0000,0.0000,0.0000,0.0000,0.0000,0.0000,0.0000,0.0000,0.0000,0.0000,0.0000,0.0000,0.0000,0.0000,0.0000,0.0000,0.0000,0.0000,0.0000,0.0000,0.0000,0.0000,0.0000,0.0000,0.0000,0.0000,0.0000,0.0000,0.0000,0.0000,0.0000,0.0000,0.0000,0.0000,0.0000,0.0000,0.0000,0.0000,0.0000,0.0000
